328658787072344064
328640859379728386
328640124025970688
328639999153160192
328498361634283520
328336403329073152
451464022249185280
398857587388473344
451716054759518209
398853810119921664
396367158898225153
396384227110825984
396388803058737152
396425666494992385
396425693753798656
396426536720400384
396444093062336512
396663766001397760
396667200859164673
396677172452007936
396677222418763776
396683507206205440
396696369458864128
396703029149589504
396710211568033792
396710565764415488
396710861399932928
396712423664918528
396714424477962241
396716695794225152
396718156460605440
396720710439419904
396724312650289152
396731847528677377
396733493767839744
396735553460518912
396739388102561792
396746589890695168
396771777101447168
396810981059620864
396811030053269504
abbg
tpog
ipki
upog
809782715
428994554830667776
328330287392104448
328327928318410752
328326152605282304
328322516097581056

